C:\Users\DonoToT\Anaconda3\envs\pytorch\python.exe D:/PyProject/stock_forecast/eval.py
进入get_numpy函数, dataset_total10读取完毕, 共输出5232行数据
进入get_numpy函数, dataset_total11读取完毕, 共输出5097行数据
进入get_numpy函数, dataset_total12读取完毕, 共输出4854行数据
进入get_numpy函数, dataset_total13中数据不存在
进入get_numpy函数, dataset_total14中数据不存在
进入get_numpy函数, dataset_total15读取完毕, 共输出4646行数据
进入get_numpy函数, dataset_total16读取完毕, 共输出5335行数据
进入get_numpy函数, dataset_total17读取完毕, 共输出3959行数据
进入get_numpy函数, dataset_total18读取完毕, 共输出3917行数据
进入get_numpy函数, dataset_total19读取完毕, 共输出5247行数据
进入construct函数, 模式为: test, 共读取到 3816 行测试数据
第0行数据目标为0.0, 预测概率为: [0]:38.6%	[1]:61.4%	

第1行数据目标为0.0, 预测概率为: [0]:50.35%	[1]:49.65%	

第2行数据目标为0.0, 预测概率为: [0]:64.33%	[1]:35.67%	

第3行数据目标为0.0, 预测概率为: [0]:18.01%	[1]:81.99%	
[1]:81.99%	
第4行数据目标为0.0, 预测概率为: [0]:90.37%	[1]:9.634%	
[0]:90.37%	
第5行数据目标为0.0, 预测概率为: [0]:58.94%	[1]:41.06%	

第6行数据目标为0.0, 预测概率为: [0]:67.22%	[1]:32.78%	

第7行数据目标为0.0, 预测概率为: [0]:79.58%	[1]:20.42%	
[0]:79.58%	
第8行数据目标为0.0, 预测概率为: [0]:61.69%	[1]:38.31%	

第9行数据目标为0.0, 预测概率为: [0]:89.22%	[1]:10.78%	
[0]:89.22%	
第10行数据目标为0.0, 预测概率为: [0]:55.28%	[1]:44.72%	

第11行数据目标为0.0, 预测概率为: [0]:80.0%	[1]:20.0%	
[0]:80.0%	
第12行数据目标为0.0, 预测概率为: [0]:93.7%	[1]:6.299%	
[0]:93.7%	
第13行数据目标为0.0, 预测概率为: [0]:95.91%	[1]:4.085%	
[0]:95.91%	
第14行数据目标为0.0, 预测概率为: [0]:72.08%	[1]:27.92%	
[0]:72.08%	
第15行数据目标为0.0, 预测概率为: [0]:92.92%	[1]:7.079%	
[0]:92.92%	
第16行数据目标为0.0, 预测概率为: [0]:74.95%	[1]:25.05%	
[0]:74.95%	
第17行数据目标为0.0, 预测概率为: [0]:73.66%	[1]:26.34%	
[0]:73.66%	
第18行数据目标为0.0, 预测概率为: [0]:85.76%	[1]:14.24%	
[0]:85.76%	
第19行数据目标为0.0, 预测概率为: [0]:69.77%	[1]:30.23%	

第20行数据目标为0.0, 预测概率为: [0]:38.33%	[1]:61.67%	

第21行数据目标为0.0, 预测概率为: [0]:23.94%	[1]:76.06%	
[1]:76.06%	
第22行数据目标为0.0, 预测概率为: [0]:51.14%	[1]:48.86%	

第23行数据目标为0.0, 预测概率为: [0]:67.1%	[1]:32.9%	

第24行数据目标为0.0, 预测概率为: [0]:52.99%	[1]:47.01%	

第25行数据目标为0.0, 预测概率为: [0]:60.14%	[1]:39.86%	

第26行数据目标为0.0, 预测概率为: [0]:83.04%	[1]:16.96%	
[0]:83.04%	
第27行数据目标为0.0, 预测概率为: [0]:89.47%	[1]:10.53%	
[0]:89.47%	
第28行数据目标为0.0, 预测概率为: [0]:71.42%	[1]:28.58%	
[0]:71.42%	
第29行数据目标为1.0, 预测概率为: [0]:91.35%	[1]:8.652%	
[0]:91.35%	
第30行数据目标为0.0, 预测概率为: [0]:97.32%	[1]:2.683%	
[0]:97.32%	
第31行数据目标为0.0, 预测概率为: [0]:67.95%	[1]:32.05%	

第32行数据目标为0.0, 预测概率为: [0]:93.18%	[1]:6.824%	
[0]:93.18%	
第33行数据目标为0.0, 预测概率为: [0]:96.31%	[1]:3.689%	
[0]:96.31%	
第34行数据目标为0.0, 预测概率为: [0]:94.23%	[1]:5.77%	
[0]:94.23%	
第35行数据目标为0.0, 预测概率为: [0]:94.49%	[1]:5.51%	
[0]:94.49%	
第36行数据目标为0.0, 预测概率为: [0]:97.62%	[1]:2.378%	
[0]:97.62%	
第37行数据目标为0.0, 预测概率为: [0]:98.11%	[1]:1.89%	
[0]:98.11%	
第38行数据目标为0.0, 预测概率为: [0]:92.06%	[1]:7.935%	
[0]:92.06%	
第39行数据目标为0.0, 预测概率为: [0]:95.44%	[1]:4.562%	
[0]:95.44%	
第40行数据目标为0.0, 预测概率为: [0]:86.88%	[1]:13.12%	
[0]:86.88%	
第41行数据目标为0.0, 预测概率为: [0]:98.09%	[1]:1.906%	
[0]:98.09%	
第42行数据目标为0.0, 预测概率为: [0]:83.42%	[1]:16.58%	
[0]:83.42%	
第43行数据目标为0.0, 预测概率为: [0]:63.56%	[1]:36.44%	

第44行数据目标为0.0, 预测概率为: [0]:56.44%	[1]:43.56%	

第45行数据目标为0.0, 预测概率为: [0]:78.84%	[1]:21.16%	
[0]:78.84%	
第46行数据目标为0.0, 预测概率为: [0]:70.03%	[1]:29.97%	
[0]:70.03%	
第47行数据目标为0.0, 预测概率为: [0]:88.71%	[1]:11.29%	
[0]:88.71%	
第48行数据目标为1.0, 预测概率为: [0]:56.96%	[1]:43.04%	

第49行数据目标为0.0, 预测概率为: [0]:70.18%	[1]:29.82%	
[0]:70.18%	
第50行数据目标为0.0, 预测概率为: [0]:24.18%	[1]:75.82%	
[1]:75.82%	
第51行数据目标为0.0, 预测概率为: [0]:84.4%	[1]:15.6%	
[0]:84.4%	
第52行数据目标为0.0, 预测概率为: [0]:86.44%	[1]:13.56%	
[0]:86.44%	
第53行数据目标为0.0, 预测概率为: [0]:93.37%	[1]:6.634%	
[0]:93.37%	
第54行数据目标为0.0, 预测概率为: [0]:55.9%	[1]:44.1%	

第55行数据目标为0.0, 预测概率为: [0]:88.33%	[1]:11.67%	
[0]:88.33%	
第56行数据目标为0.0, 预测概率为: [0]:81.25%	[1]:18.75%	
[0]:81.25%	
第57行数据目标为0.0, 预测概率为: [0]:95.35%	[1]:4.651%	
[0]:95.35%	
第58行数据目标为0.0, 预测概率为: [0]:94.06%	[1]:5.936%	
[0]:94.06%	
第59行数据目标为0.0, 预测概率为: [0]:90.18%	[1]:9.819%	
[0]:90.18%	
第60行数据目标为0.0, 预测概率为: [0]:95.03%	[1]:4.968%	
[0]:95.03%	
第61行数据目标为0.0, 预测概率为: [0]:81.67%	[1]:18.33%	
[0]:81.67%	
第62行数据目标为0.0, 预测概率为: [0]:55.01%	[1]:44.99%	

第63行数据目标为0.0, 预测概率为: [0]:42.84%	[1]:57.16%	

第64行数据目标为0.0, 预测概率为: [0]:71.72%	[1]:28.28%	
[0]:71.72%	
第65行数据目标为0.0, 预测概率为: [0]:33.19%	[1]:66.81%	

第66行数据目标为1.0, 预测概率为: [0]:62.05%	[1]:37.95%	

第67行数据目标为0.0, 预测概率为: [0]:59.46%	[1]:40.54%	

第68行数据目标为0.0, 预测概率为: [0]:73.63%	[1]:26.37%	
[0]:73.63%	
第69行数据目标为0.0, 预测概率为: [0]:29.63%	[1]:70.37%	
[1]:70.37%	
第70行数据目标为0.0, 预测概率为: [0]:40.8%	[1]:59.2%	

第71行数据目标为0.0, 预测概率为: [0]:20.98%	[1]:79.02%	
[1]:79.02%	
第72行数据目标为0.0, 预测概率为: [0]:74.42%	[1]:25.58%	
[0]:74.42%	
第73行数据目标为0.0, 预测概率为: [0]:64.25%	[1]:35.75%	

第74行数据目标为0.0, 预测概率为: [0]:80.63%	[1]:19.37%	
[0]:80.63%	
第75行数据目标为0.0, 预测概率为: [0]:87.61%	[1]:12.39%	
[0]:87.61%	
第76行数据目标为0.0, 预测概率为: [0]:90.13%	[1]:9.87%	
[0]:90.13%	
第77行数据目标为0.0, 预测概率为: [0]:81.94%	[1]:18.06%	
[0]:81.94%	
第78行数据目标为0.0, 预测概率为: [0]:77.64%	[1]:22.36%	
[0]:77.64%	
第79行数据目标为0.0, 预测概率为: [0]:72.06%	[1]:27.94%	
[0]:72.06%	
第80行数据目标为0.0, 预测概率为: [0]:93.83%	[1]:6.169%	
[0]:93.83%	
第81行数据目标为0.0, 预测概率为: [0]:89.89%	[1]:10.11%	
[0]:89.89%	
第82行数据目标为1.0, 预测概率为: [0]:86.23%	[1]:13.77%	
[0]:86.23%	
第83行数据目标为0.0, 预测概率为: [0]:77.33%	[1]:22.67%	
[0]:77.33%	
第84行数据目标为0.0, 预测概率为: [0]:74.53%	[1]:25.47%	
[0]:74.53%	
第85行数据目标为0.0, 预测概率为: [0]:54.11%	[1]:45.89%	

第86行数据目标为0.0, 预测概率为: [0]:57.35%	[1]:42.65%	

第87行数据目标为0.0, 预测概率为: [0]:86.11%	[1]:13.89%	
[0]:86.11%	
第88行数据目标为1.0, 预测概率为: [0]:90.77%	[1]:9.23%	
[0]:90.77%	
第89行数据目标为0.0, 预测概率为: [0]:90.17%	[1]:9.829%	
[0]:90.17%	
第90行数据目标为0.0, 预测概率为: [0]:91.3%	[1]:8.697%	
[0]:91.3%	
第91行数据目标为0.0, 预测概率为: [0]:93.75%	[1]:6.253%	
[0]:93.75%	
第92行数据目标为0.0, 预测概率为: [0]:65.83%	[1]:34.17%	

第93行数据目标为0.0, 预测概率为: [0]:84.17%	[1]:15.83%	
[0]:84.17%	
第94行数据目标为0.0, 预测概率为: [0]:69.01%	[1]:30.99%	

第95行数据目标为0.0, 预测概率为: [0]:93.05%	[1]:6.949%	
[0]:93.05%	
第96行数据目标为0.0, 预测概率为: [0]:74.57%	[1]:25.43%	
[0]:74.57%	
第97行数据目标为0.0, 预测概率为: [0]:54.17%	[1]:45.83%	

第98行数据目标为0.0, 预测概率为: [0]:71.91%	[1]:28.09%	
[0]:71.91%	
第99行数据目标为0.0, 预测概率为: [0]:92.31%	[1]:7.694%	
[0]:92.31%	
第100行数据目标为0.0, 预测概率为: [0]:73.81%	[1]:26.19%	
[0]:73.81%	
第101行数据目标为0.0, 预测概率为: [0]:38.68%	[1]:61.32%	

第102行数据目标为0.0, 预测概率为: [0]:88.48%	[1]:11.52%	
[0]:88.48%	
第103行数据目标为1.0, 预测概率为: [0]:82.22%	[1]:17.78%	
[0]:82.22%	
第104行数据目标为0.0, 预测概率为: [0]:66.45%	[1]:33.55%	

第105行数据目标为0.0, 预测概率为: [0]:58.89%	[1]:41.11%	

第106行数据目标为0.0, 预测概率为: [0]:51.22%	[1]:48.78%	

第107行数据目标为0.0, 预测概率为: [0]:40.72%	[1]:59.28%	

第108行数据目标为0.0, 预测概率为: [0]:35.89%	[1]:64.11%	

第109行数据目标为0.0, 预测概率为: [0]:33.93%	[1]:66.07%	

第110行数据目标为0.0, 预测概率为: [0]:69.81%	[1]:30.19%	

第111行数据目标为0.0, 预测概率为: [0]:78.69%	[1]:21.31%	
[0]:78.69%	
第112行数据目标为0.0, 预测概率为: [0]:68.78%	[1]:31.22%	

第113行数据目标为0.0, 预测概率为: [0]:69.32%	[1]:30.68%	

第114行数据目标为1.0, 预测概率为: [0]:33.77%	[1]:66.23%	

第115行数据目标为0.0, 预测概率为: [0]:12.9%	[1]:87.1%	
[1]:87.1%	
第116行数据目标为0.0, 预测概率为: [0]:22.56%	[1]:77.44%	
[1]:77.44%	
第117行数据目标为0.0, 预测概率为: [0]:5.716%	[1]:94.28%	
[1]:94.28%	
第118行数据目标为0.0, 预测概率为: [0]:14.65%	[1]:85.35%	
[1]:85.35%	
第119行数据目标为0.0, 预测概率为: [0]:4.969%	[1]:95.03%	
[1]:95.03%	
第120行数据目标为1.0, 预测概率为: [0]:14.58%	[1]:85.42%	
[1]:85.42%	
第121行数据目标为0.0, 预测概率为: [0]:2.53%	[1]:97.47%	
[1]:97.47%	
第122行数据目标为0.0, 预测概率为: [0]:16.6%	[1]:83.4%	
[1]:83.4%	
第123行数据目标为0.0, 预测概率为: [0]:49.57%	[1]:50.43%	

第124行数据目标为0.0, 预测概率为: [0]:57.01%	[1]:42.99%	

第125行数据目标为0.0, 预测概率为: [0]:60.27%	[1]:39.73%	

第126行数据目标为0.0, 预测概率为: [0]:61.93%	[1]:38.07%	

第127行数据目标为0.0, 预测概率为: [0]:72.02%	[1]:27.98%	
[0]:72.02%	
第128行数据目标为0.0, 预测概率为: [0]:58.29%	[1]:41.71%	

第129行数据目标为0.0, 预测概率为: [0]:69.78%	[1]:30.22%	

第130行数据目标为0.0, 预测概率为: [0]:66.15%	[1]:33.85%	

第131行数据目标为1.0, 预测概率为: [0]:52.32%	[1]:47.68%	

第132行数据目标为0.0, 预测概率为: [0]:86.94%	[1]:13.06%	
[0]:86.94%	
第133行数据目标为1.0, 预测概率为: [0]:29.19%	[1]:70.81%	
[1]:70.81%	
第134行数据目标为1.0, 预测概率为: [0]:43.32%	[1]:56.68%	

第135行数据目标为1.0, 预测概率为: [0]:3.923%	[1]:96.08%	
[1]:96.08%	
第136行数据目标为1.0, 预测概率为: [0]:12.05%	[1]:87.95%	
[1]:87.95%	
第137行数据目标为0.0, 预测概率为: [0]:11.01%	[1]:88.99%	
[1]:88.99%	
第138行数据目标为1.0, 预测概率为: [0]:23.5%	[1]:76.5%	
[1]:76.5%	
第139行数据目标为0.0, 预测概率为: [0]:72.82%	[1]:27.18%	
[0]:72.82%	
第140行数据目标为1.0, 预测概率为: [0]:19.05%	[1]:80.95%	
[1]:80.95%	
第141行数据目标为0.0, 预测概率为: [0]:24.18%	[1]:75.82%	
[1]:75.82%	
第142行数据目标为1.0, 预测概率为: [0]:37.02%	[1]:62.98%	

第143行数据目标为1.0, 预测概率为: [0]:4.673%	[1]:95.33%	
[1]:95.33%	
第144行数据目标为0.0, 预测概率为: [0]:5.042%	[1]:94.96%	
[1]:94.96%	
第145行数据目标为1.0, 预测概率为: [0]:4.237%	[1]:95.76%	
[1]:95.76%	
第146行数据目标为0.0, 预测概率为: [0]:55.59%	[1]:44.41%	

第147行数据目标为0.0, 预测概率为: [0]:45.22%	[1]:54.78%	

第148行数据目标为1.0, 预测概率为: [0]:36.27%	[1]:63.73%	

第149行数据目标为0.0, 预测概率为: [0]:84.47%	[1]:15.53%	
[0]:84.47%	
第150行数据目标为0.0, 预测概率为: [0]:49.82%	[1]:50.18%	

第151行数据目标为0.0, 预测概率为: [0]:6.374%	[1]:93.63%	
[1]:93.63%	
第152行数据目标为1.0, 预测概率为: [0]:9.163%	[1]:90.84%	
[1]:90.84%	
第153行数据目标为0.0, 预测概率为: [0]:20.6%	[1]:79.4%	
[1]:79.4%	
第154行数据目标为0.0, 预测概率为: [0]:35.2%	[1]:64.8%	

第155行数据目标为0.0, 预测概率为: [0]:59.49%	[1]:40.51%	

第156行数据目标为1.0, 预测概率为: [0]:13.64%	[1]:86.36%	
[1]:86.36%	
第157行数据目标为0.0, 预测概率为: [0]:51.53%	[1]:48.47%	

第158行数据目标为0.0, 预测概率为: [0]:47.41%	[1]:52.59%	

第159行数据目标为1.0, 预测概率为: [0]:49.4%	[1]:50.6%	

第160行数据目标为0.0, 预测概率为: [0]:37.1%	[1]:62.9%	

第161行数据目标为0.0, 预测概率为: [0]:31.25%	[1]:68.75%	

第162行数据目标为0.0, 预测概率为: [0]:19.25%	[1]:80.75%	
[1]:80.75%	
第163行数据目标为0.0, 预测概率为: [0]:65.35%	[1]:34.65%	

第164行数据目标为0.0, 预测概率为: [0]:49.01%	[1]:50.99%	

第165行数据目标为0.0, 预测概率为: [0]:22.63%	[1]:77.37%	
[1]:77.37%	
第166行数据目标为0.0, 预测概率为: [0]:79.23%	[1]:20.77%	
[0]:79.23%	
第167行数据目标为0.0, 预测概率为: [0]:41.52%	[1]:58.48%	

第168行数据目标为0.0, 预测概率为: [0]:73.17%	[1]:26.83%	
[0]:73.17%	
第169行数据目标为0.0, 预测概率为: [0]:58.13%	[1]:41.87%	

第170行数据目标为0.0, 预测概率为: [0]:44.82%	[1]:55.18%	

第171行数据目标为0.0, 预测概率为: [0]:62.59%	[1]:37.41%	

第172行数据目标为0.0, 预测概率为: [0]:74.64%	[1]:25.36%	
[0]:74.64%	
第173行数据目标为0.0, 预测概率为: [0]:70.2%	[1]:29.8%	
[0]:70.2%	
第174行数据目标为0.0, 预测概率为: [0]:61.82%	[1]:38.18%	

第175行数据目标为0.0, 预测概率为: [0]:91.58%	[1]:8.417%	
[0]:91.58%	
第176行数据目标为0.0, 预测概率为: [0]:66.3%	[1]:33.7%	

第177行数据目标为0.0, 预测概率为: [0]:66.35%	[1]:33.65%	

第178行数据目标为0.0, 预测概率为: [0]:45.09%	[1]:54.91%	

第179行数据目标为0.0, 预测概率为: [0]:32.82%	[1]:67.18%	

第180行数据目标为1.0, 预测概率为: [0]:75.23%	[1]:24.77%	
[0]:75.23%	
第181行数据目标为0.0, 预测概率为: [0]:60.38%	[1]:39.62%	

第182行数据目标为0.0, 预测概率为: [0]:25.71%	[1]:74.29%	
[1]:74.29%	
第183行数据目标为0.0, 预测概率为: [0]:39.15%	[1]:60.85%	

第184行数据目标为1.0, 预测概率为: [0]:64.43%	[1]:35.57%	

第185行数据目标为1.0, 预测概率为: [0]:80.83%	[1]:19.17%	
[0]:80.83%	
第186行数据目标为1.0, 预测概率为: [0]:60.16%	[1]:39.84%	

第187行数据目标为1.0, 预测概率为: [0]:1.376%	[1]:98.62%	
[1]:98.62%	
第188行数据目标为1.0, 预测概率为: [0]:50.09%	[1]:49.91%	

第189行数据目标为0.0, 预测概率为: [0]:5.207%	[1]:94.79%	
[1]:94.79%	
第190行数据目标为0.0, 预测概率为: [0]:40.62%	[1]:59.38%	

第191行数据目标为1.0, 预测概率为: [0]:18.64%	[1]:81.36%	
[1]:81.36%	
第192行数据目标为0.0, 预测概率为: [0]:35.7%	[1]:64.3%	

第193行数据目标为0.0, 预测概率为: [0]:61.47%	[1]:38.53%	

第194行数据目标为0.0, 预测概率为: [0]:73.35%	[1]:26.65%	
[0]:73.35%	
第195行数据目标为0.0, 预测概率为: [0]:38.8%	[1]:61.2%	

第196行数据目标为1.0, 预测概率为: [0]:41.24%	[1]:58.76%	

第197行数据目标为1.0, 预测概率为: [0]:4.195%	[1]:95.8%	
[1]:95.8%	
第198行数据目标为0.0, 预测概率为: [0]:1.509%	[1]:98.49%	
[1]:98.49%	
第199行数据目标为0.0, 预测概率为: [0]:43.28%	[1]:56.72%	

第200行数据目标为0.0, 预测概率为: [0]:24.0%	[1]:76.0%	
[1]:76.0%	
第201行数据目标为0.0, 预测概率为: [0]:31.71%	[1]:68.29%	

第202行数据目标为0.0, 预测概率为: [0]:70.51%	[1]:29.49%	
[0]:70.51%	
第203行数据目标为0.0, 预测概率为: [0]:30.88%	[1]:69.12%	

第204行数据目标为0.0, 预测概率为: [0]:36.45%	[1]:63.55%	

第205行数据目标为0.0, 预测概率为: [0]:13.36%	[1]:86.64%	
[1]:86.64%	
第206行数据目标为0.0, 预测概率为: [0]:65.16%	[1]:34.84%	

第207行数据目标为0.0, 预测概率为: [0]:58.28%	[1]:41.72%	

第208行数据目标为0.0, 预测概率为: [0]:68.92%	[1]:31.08%	

第209行数据目标为0.0, 预测概率为: [0]:61.38%	[1]:38.62%	

第210行数据目标为0.0, 预测概率为: [0]:80.41%	[1]:19.59%	
[0]:80.41%	
第211行数据目标为0.0, 预测概率为: [0]:64.32%	[1]:35.68%	

第212行数据目标为0.0, 预测概率为: [0]:65.08%	[1]:34.92%	

第213行数据目标为0.0, 预测概率为: [0]:50.86%	[1]:49.14%	

第214行数据目标为0.0, 预测概率为: [0]:53.01%	[1]:46.99%	

第215行数据目标为0.0, 预测概率为: [0]:75.41%	[1]:24.59%	
[0]:75.41%	
第216行数据目标为0.0, 预测概率为: [0]:45.19%	[1]:54.81%	

第217行数据目标为0.0, 预测概率为: [0]:75.87%	[1]:24.13%	
[0]:75.87%	
第218行数据目标为0.0, 预测概率为: [0]:44.34%	[1]:55.66%	

第219行数据目标为0.0, 预测概率为: [0]:89.97%	[1]:10.03%	
[0]:89.97%	
第220行数据目标为0.0, 预测概率为: [0]:69.99%	[1]:30.01%	

第221行数据目标为1.0, 预测概率为: [0]:71.82%	[1]:28.18%	
[0]:71.82%	
第222行数据目标为0.0, 预测概率为: [0]:69.36%	[1]:30.64%	

第223行数据目标为0.0, 预测概率为: [0]:70.49%	[1]:29.51%	
[0]:70.49%	
第224行数据目标为0.0, 预测概率为: [0]:69.25%	[1]:30.75%	

第225行数据目标为0.0, 预测概率为: [0]:63.5%	[1]:36.5%	

第226行数据目标为1.0, 预测概率为: [0]:70.85%	[1]:29.15%	
[0]:70.85%	
第227行数据目标为1.0, 预测概率为: [0]:13.82%	[1]:86.18%	
[1]:86.18%	
第228行数据目标为0.0, 预测概率为: [0]:72.79%	[1]:27.21%	
[0]:72.79%	
第229行数据目标为0.0, 预测概率为: [0]:37.85%	[1]:62.15%	

第230行数据目标为0.0, 预测概率为: [0]:13.47%	[1]:86.53%	
[1]:86.53%	
第231行数据目标为0.0, 预测概率为: [0]:43.06%	[1]:56.94%	

第232行数据目标为0.0, 预测概率为: [0]:52.53%	[1]:47.47%	

第233行数据目标为0.0, 预测概率为: [0]:53.42%	[1]:46.58%	

第234行数据目标为1.0, 预测概率为: [0]:68.43%	[1]:31.57%	

第235行数据目标为1.0, 预测概率为: [0]:47.86%	[1]:52.14%	

第236行数据目标为1.0, 预测概率为: [0]:5.545%	[1]:94.45%	
[1]:94.45%	
第237行数据目标为0.0, 预测概率为: [0]:2.618%	[1]:97.38%	
[1]:97.38%	
第238行数据目标为0.0, 预测概率为: [0]:16.36%	[1]:83.64%	
[1]:83.64%	
第239行数据目标为0.0, 预测概率为: [0]:16.32%	[1]:83.68%	
[1]:83.68%	
第240行数据目标为1.0, 预测概率为: [0]:9.538%	[1]:90.46%	
[1]:90.46%	
第241行数据目标为1.0, 预测概率为: [0]:14.4%	[1]:85.6%	
[1]:85.6%	
第242行数据目标为0.0, 预测概率为: [0]:6.631%	[1]:93.37%	
[1]:93.37%	
第243行数据目标为0.0, 预测概率为: [0]:49.32%	[1]:50.68%	

第244行数据目标为0.0, 预测概率为: [0]:67.0%	[1]:33.0%	

第245行数据目标为0.0, 预测概率为: [0]:53.96%	[1]:46.04%	

第246行数据目标为0.0, 预测概率为: [0]:67.25%	[1]:32.75%	

第247行数据目标为0.0, 预测概率为: [0]:79.23%	[1]:20.77%	
[0]:79.23%	
第248行数据目标为0.0, 预测概率为: [0]:82.84%	[1]:17.16%	
[0]:82.84%	
第249行数据目标为0.0, 预测概率为: [0]:23.01%	[1]:76.99%	
[1]:76.99%	
第250行数据目标为0.0, 预测概率为: [0]:38.54%	[1]:61.46%	

第251行数据目标为0.0, 预测概率为: [0]:64.58%	[1]:35.42%	

第252行数据目标为0.0, 预测概率为: [0]:36.42%	[1]:63.58%	

第253行数据目标为0.0, 预测概率为: [0]:73.16%	[1]:26.84%	
[0]:73.16%	
第254行数据目标为1.0, 预测概率为: [0]:39.55%	[1]:60.45%	

第255行数据目标为1.0, 预测概率为: [0]:65.0%	[1]:35.0%	

第256行数据目标为0.0, 预测概率为: [0]:60.13%	[1]:39.87%	

第257行数据目标为0.0, 预测概率为: [0]:42.94%	[1]:57.06%	

第258行数据目标为0.0, 预测概率为: [0]:85.21%	[1]:14.79%	
[0]:85.21%	
第259行数据目标为1.0, 预测概率为: [0]:16.45%	[1]:83.55%	
[1]:83.55%	
第260行数据目标为0.0, 预测概率为: [0]:5.734%	[1]:94.27%	
[1]:94.27%	
第261行数据目标为0.0, 预测概率为: [0]:34.26%	[1]:65.74%	

第262行数据目标为0.0, 预测概率为: [0]:46.38%	[1]:53.62%	

第263行数据目标为0.0, 预测概率为: [0]:54.47%	[1]:45.53%	

第264行数据目标为0.0, 预测概率为: [0]:28.25%	[1]:71.75%	
[1]:71.75%	
第265行数据目标为0.0, 预测概率为: [0]:44.43%	[1]:55.57%	

第266行数据目标为1.0, 预测概率为: [0]:53.84%	[1]:46.16%	

第267行数据目标为0.0, 预测概率为: [0]:78.71%	[1]:21.29%	
[0]:78.71%	
第268行数据目标为1.0, 预测概率为: [0]:75.97%	[1]:24.03%	
[0]:75.97%	
第269行数据目标为0.0, 预测概率为: [0]:41.49%	[1]:58.51%	

第270行数据目标为0.0, 预测概率为: [0]:28.1%	[1]:71.9%	
[1]:71.9%	
第271行数据目标为0.0, 预测概率为: [0]:57.41%	[1]:42.59%	

第272行数据目标为1.0, 预测概率为: [0]:83.53%	[1]:16.47%	
[0]:83.53%	
第273行数据目标为1.0, 预测概率为: [0]:84.16%	[1]:15.84%	
[0]:84.16%	
第274行数据目标为0.0, 预测概率为: [0]:77.83%	[1]:22.17%	
[0]:77.83%	
第275行数据目标为0.0, 预测概率为: [0]:70.81%	[1]:29.19%	
[0]:70.81%	
第276行数据目标为0.0, 预测概率为: [0]:45.42%	[1]:54.58%	

第277行数据目标为1.0, 预测概率为: [0]:62.61%	[1]:37.39%	

第278行数据目标为0.0, 预测概率为: [0]:64.78%	[1]:35.22%	

第279行数据目标为0.0, 预测概率为: [0]:34.4%	[1]:65.6%	

第280行数据目标为0.0, 预测概率为: [0]:37.98%	[1]:62.02%	

第281行数据目标为0.0, 预测概率为: [0]:82.46%	[1]:17.54%	
[0]:82.46%	
第282行数据目标为1.0, 预测概率为: [0]:64.74%	[1]:35.26%	

第283行数据目标为1.0, 预测概率为: [0]:60.14%	[1]:39.86%	

第284行数据目标为0.0, 预测概率为: [0]:53.83%	[1]:46.17%	

第285行数据目标为0.0, 预测概率为: [0]:59.33%	[1]:40.67%	

第286行数据目标为0.0, 预测概率为: [0]:80.42%	[1]:19.58%	
[0]:80.42%	
第287行数据目标为0.0, 预测概率为: [0]:82.35%	[1]:17.65%	
[0]:82.35%	
第288行数据目标为0.0, 预测概率为: [0]:79.27%	[1]:20.73%	
[0]:79.27%	
第289行数据目标为0.0, 预测概率为: [0]:51.24%	[1]:48.76%	

第290行数据目标为1.0, 预测概率为: [0]:29.88%	[1]:70.12%	
[1]:70.12%	
第291行数据目标为0.0, 预测概率为: [0]:50.96%	[1]:49.04%	

第292行数据目标为0.0, 预测概率为: [0]:83.91%	[1]:16.09%	
[0]:83.91%	
第293行数据目标为0.0, 预测概率为: [0]:85.99%	[1]:14.01%	
[0]:85.99%	
第294行数据目标为0.0, 预测概率为: [0]:90.25%	[1]:9.75%	
[0]:90.25%	
第295行数据目标为0.0, 预测概率为: [0]:67.67%	[1]:32.33%	

第296行数据目标为0.0, 预测概率为: [0]:93.11%	[1]:6.894%	
[0]:93.11%	
第297行数据目标为0.0, 预测概率为: [0]:81.46%	[1]:18.54%	
[0]:81.46%	
第298行数据目标为0.0, 预测概率为: [0]:93.02%	[1]:6.983%	
[0]:93.02%	
第299行数据目标为0.0, 预测概率为: [0]:77.04%	[1]:22.96%	
[0]:77.04%	
第300行数据目标为0.0, 预测概率为: [0]:24.62%	[1]:75.38%	
[1]:75.38%	
第301行数据目标为0.0, 预测概率为: [0]:47.29%	[1]:52.71%	

第302行数据目标为0.0, 预测概率为: [0]:43.93%	[1]:56.07%	

第303行数据目标为0.0, 预测概率为: [0]:48.33%	[1]:51.67%	

第304行数据目标为0.0, 预测概率为: [0]:83.35%	[1]:16.65%	
[0]:83.35%	
第305行数据目标为0.0, 预测概率为: [0]:92.36%	[1]:7.642%	
[0]:92.36%	
第306行数据目标为0.0, 预测概率为: [0]:35.17%	[1]:64.83%	

第307行数据目标为0.0, 预测概率为: [0]:66.34%	[1]:33.66%	

第308行数据目标为0.0, 预测概率为: [0]:92.76%	[1]:7.241%	
[0]:92.76%	
第309行数据目标为0.0, 预测概率为: [0]:87.08%	[1]:12.92%	
[0]:87.08%	
第310行数据目标为0.0, 预测概率为: [0]:78.65%	[1]:21.35%	
[0]:78.65%	
第311行数据目标为0.0, 预测概率为: [0]:55.24%	[1]:44.76%	

第312行数据目标为1.0, 预测概率为: [0]:30.04%	[1]:69.96%	

第313行数据目标为0.0, 预测概率为: [0]:60.0%	[1]:40.0%	

第314行数据目标为0.0, 预测概率为: [0]:7.329%	[1]:92.67%	
[1]:92.67%	
第315行数据目标为0.0, 预测概率为: [0]:29.61%	[1]:70.39%	
[1]:70.39%	
第316行数据目标为0.0, 预测概率为: [0]:13.98%	[1]:86.02%	
[1]:86.02%	
第317行数据目标为0.0, 预测概率为: [0]:43.23%	[1]:56.77%	

第318行数据目标为0.0, 预测概率为: [0]:22.93%	[1]:77.07%	
[1]:77.07%	
第319行数据目标为0.0, 预测概率为: [0]:21.5%	[1]:78.5%	
[1]:78.5%	
第320行数据目标为1.0, 预测概率为: [0]:33.38%	[1]:66.62%	

第321行数据目标为0.0, 预测概率为: [0]:7.123%	[1]:92.88%	
[1]:92.88%	
第322行数据目标为0.0, 预测概率为: [0]:14.72%	[1]:85.28%	
[1]:85.28%	
第323行数据目标为0.0, 预测概率为: [0]:17.79%	[1]:82.21%	
[1]:82.21%	
第324行数据目标为0.0, 预测概率为: [0]:47.09%	[1]:52.91%	

第325行数据目标为0.0, 预测概率为: [0]:6.747%	[1]:93.25%	
[1]:93.25%	
第326行数据目标为0.0, 预测概率为: [0]:37.37%	[1]:62.63%	

第327行数据目标为0.0, 预测概率为: [0]:21.15%	[1]:78.85%	
[1]:78.85%	
第328行数据目标为0.0, 预测概率为: [0]:23.7%	[1]:76.3%	
[1]:76.3%	
第329行数据目标为1.0, 预测概率为: [0]:13.84%	[1]:86.16%	
[1]:86.16%	
第330行数据目标为0.0, 预测概率为: [0]:5.026%	[1]:94.97%	
[1]:94.97%	
第331行数据目标为1.0, 预测概率为: [0]:34.41%	[1]:65.59%	

第332行数据目标为0.0, 预测概率为: [0]:9.456%	[1]:90.54%	
[1]:90.54%	
第333行数据目标为0.0, 预测概率为: [0]:38.39%	[1]:61.61%	

第334行数据目标为0.0, 预测概率为: [0]:11.06%	[1]:88.94%	
[1]:88.94%	
第335行数据目标为0.0, 预测概率为: [0]:40.15%	[1]:59.85%	

第336行数据目标为0.0, 预测概率为: [0]:14.06%	[1]:85.94%	
[1]:85.94%	
第337行数据目标为1.0, 预测概率为: [0]:31.43%	[1]:68.57%	

第338行数据目标为0.0, 预测概率为: [0]:32.3%	[1]:67.7%	

第339行数据目标为0.0, 预测概率为: [0]:14.24%	[1]:85.76%	
[1]:85.76%	
第340行数据目标为0.0, 预测概率为: [0]:78.45%	[1]:21.55%	
[0]:78.45%	
第341行数据目标为0.0, 预测概率为: [0]:70.12%	[1]:29.88%	
[0]:70.12%	
第342行数据目标为0.0, 预测概率为: [0]:42.99%	[1]:57.01%	

第343行数据目标为0.0, 预测概率为: [0]:48.64%	[1]:51.36%	

第344行数据目标为0.0, 预测概率为: [0]:60.63%	[1]:39.37%	

第345行数据目标为0.0, 预测概率为: [0]:78.68%	[1]:21.32%	
[0]:78.68%	
第346行数据目标为0.0, 预测概率为: [0]:77.11%	[1]:22.89%	
[0]:77.11%	
第347行数据目标为0.0, 预测概率为: [0]:24.94%	[1]:75.06%	
[1]:75.06%	
第348行数据目标为0.0, 预测概率为: [0]:37.4%	[1]:62.6%	

第349行数据目标为0.0, 预测概率为: [0]:52.18%	[1]:47.82%	

第350行数据目标为0.0, 预测概率为: [0]:74.84%	[1]:25.16%	
[0]:74.84%	
第351行数据目标为0.0, 预测概率为: [0]:53.0%	[1]:47.0%	

第352行数据目标为0.0, 预测概率为: [0]:72.23%	[1]:27.77%	
[0]:72.23%	
第353行数据目标为1.0, 预测概率为: [0]:83.97%	[1]:16.03%	
[0]:83.97%	
第354行数据目标为0.0, 预测概率为: [0]:75.23%	[1]:24.77%	
[0]:75.23%	
第355行数据目标为0.0, 预测概率为: [0]:87.96%	[1]:12.04%	
[0]:87.96%	
第356行数据目标为0.0, 预测概率为: [0]:62.51%	[1]:37.49%	

第357行数据目标为0.0, 预测概率为: [0]:68.04%	[1]:31.96%	

第358行数据目标为0.0, 预测概率为: [0]:79.45%	[1]:20.55%	
[0]:79.45%	
第359行数据目标为0.0, 预测概率为: [0]:84.0%	[1]:16.0%	
[0]:84.0%	
第360行数据目标为0.0, 预测概率为: [0]:89.82%	[1]:10.18%	
[0]:89.82%	
第361行数据目标为0.0, 预测概率为: [0]:77.9%	[1]:22.1%	
[0]:77.9%	
第362行数据目标为0.0, 预测概率为: [0]:88.79%	[1]:11.21%	
[0]:88.79%	
第363行数据目标为0.0, 预测概率为: [0]:95.77%	[1]:4.234%	
[0]:95.77%	
第364行数据目标为0.0, 预测概率为: [0]:71.99%	[1]:28.01%	
[0]:71.99%	
第365行数据目标为0.0, 预测概率为: [0]:95.07%	[1]:4.929%	
[0]:95.07%	
第366行数据目标为0.0, 预测概率为: [0]:95.61%	[1]:4.391%	
[0]:95.61%	
第367行数据目标为0.0, 预测概率为: [0]:94.95%	[1]:5.045%	
[0]:94.95%	
第368行数据目标为0.0, 预测概率为: [0]:63.71%	[1]:36.29%	

第369行数据目标为0.0, 预测概率为: [0]:74.05%	[1]:25.95%	
[0]:74.05%	
第370行数据目标为0.0, 预测概率为: [0]:62.29%	[1]:37.71%	

第371行数据目标为0.0, 预测概率为: [0]:93.19%	[1]:6.811%	
[0]:93.19%	
第372行数据目标为0.0, 预测概率为: [0]:93.92%	[1]:6.078%	
[0]:93.92%	
第373行数据目标为0.0, 预测概率为: [0]:92.34%	[1]:7.663%	
[0]:92.34%	
第374行数据目标为0.0, 预测概率为: [0]:51.26%	[1]:48.74%	

第375行数据目标为0.0, 预测概率为: [0]:50.19%	[1]:49.81%	

第376行数据目标为0.0, 预测概率为: [0]:93.57%	[1]:6.427%	
[0]:93.57%	
第377行数据目标为0.0, 预测概率为: [0]:80.62%	[1]:19.38%	
[0]:80.62%	
第378行数据目标为0.0, 预测概率为: [0]:83.92%	[1]:16.08%	
[0]:83.92%	
第379行数据目标为0.0, 预测概率为: [0]:93.46%	[1]:6.541%	
[0]:93.46%	
第380行数据目标为0.0, 预测概率为: [0]:91.4%	[1]:8.595%	
[0]:91.4%	
第381行数据目标为0.0, 预测概率为: [0]:88.95%	[1]:11.05%	
[0]:88.95%	
第382行数据目标为0.0, 预测概率为: [0]:97.67%	[1]:2.328%	
[0]:97.67%	
第383行数据目标为0.0, 预测概率为: [0]:95.02%	[1]:4.982%	
[0]:95.02%	
第384行数据目标为0.0, 预测概率为: [0]:79.44%	[1]:20.56%	
[0]:79.44%	
第385行数据目标为1.0, 预测概率为: [0]:66.04%	[1]:33.96%	

第386行数据目标为0.0, 预测概率为: [0]:68.49%	[1]:31.51%	

第387行数据目标为1.0, 预测概率为: [0]:60.06%	[1]:39.94%	

第388行数据目标为0.0, 预测概率为: [0]:82.36%	[1]:17.64%	
[0]:82.36%	
第389行数据目标为0.0, 预测概率为: [0]:72.2%	[1]:27.8%	
[0]:72.2%	
第390行数据目标为0.0, 预测概率为: [0]:89.87%	[1]:10.13%	
[0]:89.87%	
第391行数据目标为0.0, 预测概率为: [0]:95.18%	[1]:4.82%	
[0]:95.18%	
第392行数据目标为0.0, 预测概率为: [0]:92.63%	[1]:7.37%	
[0]:92.63%	
第393行数据目标为0.0, 预测概率为: [0]:77.55%	[1]:22.45%	
[0]:77.55%	
第394行数据目标为0.0, 预测概率为: [0]:83.88%	[1]:16.12%	
[0]:83.88%	
第395行数据目标为0.0, 预测概率为: [0]:94.71%	[1]:5.292%	
[0]:94.71%	
第396行数据目标为0.0, 预测概率为: [0]:93.23%	[1]:6.771%	
[0]:93.23%	
第397行数据目标为0.0, 预测概率为: [0]:92.85%	[1]:7.15%	
[0]:92.85%	
第398行数据目标为0.0, 预测概率为: [0]:86.5%	[1]:13.5%	
[0]:86.5%	
第399行数据目标为0.0, 预测概率为: [0]:82.92%	[1]:17.08%	
[0]:82.92%	
第400行数据目标为0.0, 预测概率为: [0]:97.05%	[1]:2.945%	
[0]:97.05%	
第401行数据目标为0.0, 预测概率为: [0]:68.73%	[1]:31.27%	

第402行数据目标为0.0, 预测概率为: [0]:86.33%	[1]:13.67%	
[0]:86.33%	
第403行数据目标为0.0, 预测概率为: [0]:92.82%	[1]:7.18%	
[0]:92.82%	
第404行数据目标为0.0, 预测概率为: [0]:92.12%	[1]:7.881%	
[0]:92.12%	
第405行数据目标为0.0, 预测概率为: [0]:55.29%	[1]:44.71%	

第406行数据目标为0.0, 预测概率为: [0]:23.58%	[1]:76.42%	
[1]:76.42%	
第407行数据目标为0.0, 预测概率为: [0]:55.25%	[1]:44.75%	

第408行数据目标为1.0, 预测概率为: [0]:86.93%	[1]:13.07%	
[0]:86.93%	
第409行数据目标为0.0, 预测概率为: [0]:40.93%	[1]:59.07%	

第410行数据目标为0.0, 预测概率为: [0]:56.55%	[1]:43.45%	

第411行数据目标为0.0, 预测概率为: [0]:88.99%	[1]:11.01%	
[0]:88.99%	
第412行数据目标为0.0, 预测概率为: [0]:96.6%	[1]:3.4%	
[0]:96.6%	
第413行数据目标为0.0, 预测概率为: [0]:58.09%	[1]:41.91%	

第414行数据目标为0.0, 预测概率为: [0]:56.48%	[1]:43.52%	

第415行数据目标为0.0, 预测概率为: [0]:53.67%	[1]:46.33%	

第416行数据目标为0.0, 预测概率为: [0]:53.06%	[1]:46.94%	

第417行数据目标为0.0, 预测概率为: [0]:45.11%	[1]:54.89%	

第418行数据目标为0.0, 预测概率为: [0]:70.92%	[1]:29.08%	
[0]:70.92%	
第419行数据目标为0.0, 预测概率为: [0]:82.88%	[1]:17.12%	
[0]:82.88%	
第420行数据目标为0.0, 预测概率为: [0]:93.04%	[1]:6.956%	
[0]:93.04%	
第421行数据目标为0.0, 预测概率为: [0]:88.4%	[1]:11.6%	
[0]:88.4%	
第422行数据目标为1.0, 预测概率为: [0]:87.01%	[1]:12.99%	
[0]:87.01%	
第423行数据目标为1.0, 预测概率为: [0]:60.57%	[1]:39.43%	

第424行数据目标为0.0, 预测概率为: [0]:12.98%	[1]:87.02%	
[1]:87.02%	
第425行数据目标为0.0, 预测概率为: [0]:47.21%	[1]:52.79%	

第426行数据目标为0.0, 预测概率为: [0]:60.81%	[1]:39.19%	

第427行数据目标为0.0, 预测概率为: [0]:34.64%	[1]:65.36%	

第428行数据目标为0.0, 预测概率为: [0]:42.45%	[1]:57.55%	

第429行数据目标为0.0, 预测概率为: [0]:14.12%	[1]:85.88%	
[1]:85.88%	
第430行数据目标为0.0, 预测概率为: [0]:34.84%	[1]:65.16%	

第431行数据目标为0.0, 预测概率为: [0]:77.68%	[1]:22.32%	
[0]:77.68%	
第432行数据目标为0.0, 预测概率为: [0]:92.92%	[1]:7.082%	
[0]:92.92%	
第433行数据目标为0.0, 预测概率为: [0]:95.03%	[1]:4.966%	
[0]:95.03%	
第434行数据目标为0.0, 预测概率为: [0]:82.89%	[1]:17.11%	
[0]:82.89%	
第435行数据目标为0.0, 预测概率为: [0]:85.34%	[1]:14.66%	
[0]:85.34%	
第436行数据目标为0.0, 预测概率为: [0]:89.28%	[1]:10.72%	
[0]:89.28%	
第437行数据目标为0.0, 预测概率为: [0]:93.49%	[1]:6.508%	
[0]:93.49%	
第438行数据目标为0.0, 预测概率为: [0]:92.29%	[1]:7.706%	
[0]:92.29%	
第439行数据目标为0.0, 预测概率为: [0]:85.62%	[1]:14.38%	
[0]:85.62%	
第440行数据目标为0.0, 预测概率为: [0]:61.16%	[1]:38.84%	

第441行数据目标为0.0, 预测概率为: [0]:83.59%	[1]:16.41%	
[0]:83.59%	
第442行数据目标为0.0, 预测概率为: [0]:94.37%	[1]:5.628%	
[0]:94.37%	
第443行数据目标为0.0, 预测概率为: [0]:92.54%	[1]:7.459%	
[0]:92.54%	
第444行数据目标为0.0, 预测概率为: [0]:75.57%	[1]:24.43%	
[0]:75.57%	
第445行数据目标为0.0, 预测概率为: [0]:56.63%	[1]:43.37%	

第446行数据目标为0.0, 预测概率为: [0]:54.79%	[1]:45.21%	

第447行数据目标为0.0, 预测概率为: [0]:64.54%	[1]:35.46%	

第448行数据目标为0.0, 预测概率为: [0]:42.0%	[1]:58.0%	

第449行数据目标为0.0, 预测概率为: [0]:82.27%	[1]:17.73%	
[0]:82.27%	
第450行数据目标为0.0, 预测概率为: [0]:85.23%	[1]:14.77%	
[0]:85.23%	
第451行数据目标为0.0, 预测概率为: [0]:83.96%	[1]:16.04%	
[0]:83.96%	
第452行数据目标为0.0, 预测概率为: [0]:71.72%	[1]:28.28%	
[0]:71.72%	
第453行数据目标为0.0, 预测概率为: [0]:52.94%	[1]:47.06%	

第454行数据目标为1.0, 预测概率为: [0]:86.27%	[1]:13.73%	
[0]:86.27%	
第455行数据目标为1.0, 预测概率为: [0]:87.43%	[1]:12.57%	
[0]:87.43%	
第456行数据目标为0.0, 预测概率为: [0]:47.35%	[1]:52.65%	

第457行数据目标为0.0, 预测概率为: [0]:57.31%	[1]:42.69%	

第458行数据目标为0.0, 预测概率为: [0]:64.19%	[1]:35.81%	

第459行数据目标为0.0, 预测概率为: [0]:75.6%	[1]:24.4%	
[0]:75.6%	
第460行数据目标为0.0, 预测概率为: [0]:83.86%	[1]:16.14%	
[0]:83.86%	
第461行数据目标为0.0, 预测概率为: [0]:77.85%	[1]:22.15%	
[0]:77.85%	
第462行数据目标为0.0, 预测概率为: [0]:82.2%	[1]:17.8%	
[0]:82.2%	
第463行数据目标为0.0, 预测概率为: [0]:93.07%	[1]:6.928%	
[0]:93.07%	
第464行数据目标为0.0, 预测概率为: [0]:78.26%	[1]:21.74%	
[0]:78.26%	
第465行数据目标为0.0, 预测概率为: [0]:63.27%	[1]:36.73%	

第466行数据目标为0.0, 预测概率为: [0]:61.7%	[1]:38.3%	

第467行数据目标为0.0, 预测概率为: [0]:64.39%	[1]:35.61%	

第468行数据目标为0.0, 预测概率为: [0]:87.89%	[1]:12.11%	
[0]:87.89%	
第469行数据目标为0.0, 预测概率为: [0]:64.37%	[1]:35.63%	

第470行数据目标为0.0, 预测概率为: [0]:36.54%	[1]:63.46%	

第471行数据目标为1.0, 预测概率为: [0]:29.45%	[1]:70.55%	
[1]:70.55%	
第472行数据目标为0.0, 预测概率为: [0]:9.786%	[1]:90.21%	
[1]:90.21%	
第473行数据目标为0.0, 预测概率为: [0]:1.581%	[1]:98.42%	
[1]:98.42%	
第474行数据目标为0.0, 预测概率为: [0]:21.9%	[1]:78.1%	
[1]:78.1%	
第475行数据目标为0.0, 预测概率为: [0]:26.61%	[1]:73.39%	
[1]:73.39%	
第476行数据目标为0.0, 预测概率为: [0]:14.0%	[1]:86.0%	
[1]:86.0%	
第477行数据目标为0.0, 预测概率为: [0]:18.42%	[1]:81.58%	
[1]:81.58%	
第478行数据目标为0.0, 预测概率为: [0]:52.28%	[1]:47.72%	

第479行数据目标为0.0, 预测概率为: [0]:58.07%	[1]:41.93%	

第480行数据目标为1.0, 预测概率为: [0]:12.23%	[1]:87.77%	
[1]:87.77%	
第481行数据目标为0.0, 预测概率为: [0]:12.11%	[1]:87.89%	
[1]:87.89%	
第482行数据目标为0.0, 预测概率为: [0]:2.504%	[1]:97.5%	
[1]:97.5%	
第483行数据目标为1.0, 预测概率为: [0]:5.518%	[1]:94.48%	
[1]:94.48%	
第484行数据目标为0.0, 预测概率为: [0]:3.267%	[1]:96.73%	
[1]:96.73%	
第485行数据目标为0.0, 预测概率为: [0]:2.719%	[1]:97.28%	
[1]:97.28%	
第486行数据目标为0.0, 预测概率为: [0]:42.85%	[1]:57.15%	

第487行数据目标为0.0, 预测概率为: [0]:18.63%	[1]:81.37%	
[1]:81.37%	
第488行数据目标为0.0, 预测概率为: [0]:16.89%	[1]:83.11%	
[1]:83.11%	
第489行数据目标为1.0, 预测概率为: [0]:30.21%	[1]:69.79%	

第490行数据目标为0.0, 预测概率为: [0]:18.39%	[1]:81.61%	
[1]:81.61%	
第491行数据目标为0.0, 预测概率为: [0]:18.72%	[1]:81.28%	
[1]:81.28%	
第492行数据目标为0.0, 预测概率为: [0]:31.03%	[1]:68.97%	

第493行数据目标为0.0, 预测概率为: [0]:22.21%	[1]:77.79%	
[1]:77.79%	
第494行数据目标为0.0, 预测概率为: [0]:23.0%	[1]:77.0%	
[1]:77.0%	
第495行数据目标为0.0, 预测概率为: [0]:46.62%	[1]:53.38%	

第496行数据目标为0.0, 预测概率为: [0]:14.05%	[1]:85.95%	
[1]:85.95%	
第497行数据目标为0.0, 预测概率为: [0]:42.81%	[1]:57.19%	

第498行数据目标为0.0, 预测概率为: [0]:25.76%	[1]:74.24%	
[1]:74.24%	
第499行数据目标为0.0, 预测概率为: [0]:36.5%	[1]:63.5%	

第500行数据目标为0.0, 预测概率为: [0]:28.03%	[1]:71.97%	
[1]:71.97%	
第501行数据目标为0.0, 预测概率为: [0]:13.43%	[1]:86.57%	
[1]:86.57%	
第502行数据目标为0.0, 预测概率为: [0]:66.92%	[1]:33.08%	

第503行数据目标为1.0, 预测概率为: [0]:8.676%	[1]:91.32%	
[1]:91.32%	
第504行数据目标为0.0, 预测概率为: [0]:36.02%	[1]:63.98%	

第505行数据目标为0.0, 预测概率为: [0]:27.76%	[1]:72.24%	
[1]:72.24%	
第506行数据目标为0.0, 预测概率为: [0]:20.61%	[1]:79.39%	
[1]:79.39%	
第507行数据目标为0.0, 预测概率为: [0]:53.49%	[1]:46.51%	

第508行数据目标为0.0, 预测概率为: [0]:71.29%	[1]:28.71%	
[0]:71.29%	
第509行数据目标为0.0, 预测概率为: [0]:75.47%	[1]:24.53%	
[0]:75.47%	
第510行数据目标为0.0, 预测概率为: [0]:37.73%	[1]:62.27%	

第511行数据目标为0.0, 预测概率为: [0]:65.16%	[1]:34.84%	

第512行数据目标为0.0, 预测概率为: [0]:71.17%	[1]:28.83%	
[0]:71.17%	
第513行数据目标为0.0, 预测概率为: [0]:58.63%	[1]:41.37%	

第514行数据目标为0.0, 预测概率为: [0]:43.88%	[1]:56.12%	

第515行数据目标为0.0, 预测概率为: [0]:70.38%	[1]:29.62%	
[0]:70.38%	
第516行数据目标为0.0, 预测概率为: [0]:73.98%	[1]:26.02%	
[0]:73.98%	
第517行数据目标为0.0, 预测概率为: [0]:80.86%	[1]:19.14%	
[0]:80.86%	
第518行数据目标为0.0, 预测概率为: [0]:68.94%	[1]:31.06%	

第519行数据目标为0.0, 预测概率为: [0]:41.4%	[1]:58.6%	

第520行数据目标为0.0, 预测概率为: [0]:47.79%	[1]:52.21%	

第521行数据目标为0.0, 预测概率为: [0]:54.76%	[1]:45.24%	

第522行数据目标为0.0, 预测概率为: [0]:32.27%	[1]:67.73%	

第523行数据目标为0.0, 预测概率为: [0]:46.03%	[1]:53.97%	

第524行数据目标为1.0, 预测概率为: [0]:7.218%	[1]:92.78%	
[1]:92.78%	
第525行数据目标为0.0, 预测概率为: [0]:31.09%	[1]:68.91%	

第526行数据目标为0.0, 预测概率为: [0]:37.04%	[1]:62.96%	

第527行数据目标为0.0, 预测概率为: [0]:28.58%	[1]:71.42%	
[1]:71.42%	
第528行数据目标为0.0, 预测概率为: [0]:55.9%	[1]:44.1%	

第529行数据目标为0.0, 预测概率为: [0]:62.42%	[1]:37.58%	

第530行数据目标为0.0, 预测概率为: [0]:65.36%	[1]:34.64%	

第531行数据目标为0.0, 预测概率为: [0]:61.28%	[1]:38.72%	

第532行数据目标为0.0, 预测概率为: [0]:88.33%	[1]:11.67%	
[0]:88.33%	
第533行数据目标为0.0, 预测概率为: [0]:66.19%	[1]:33.81%	

第534行数据目标为0.0, 预测概率为: [0]:64.8%	[1]:35.2%	

第535行数据目标为0.0, 预测概率为: [0]:83.61%	[1]:16.39%	
[0]:83.61%	
第536行数据目标为0.0, 预测概率为: [0]:86.6%	[1]:13.4%	
[0]:86.6%	
第537行数据目标为0.0, 预测概率为: [0]:89.06%	[1]:10.94%	
[0]:89.06%	
第538行数据目标为0.0, 预测概率为: [0]:77.43%	[1]:22.57%	
[0]:77.43%	
第539行数据目标为0.0, 预测概率为: [0]:94.48%	[1]:5.525%	
[0]:94.48%	
第540行数据目标为0.0, 预测概率为: [0]:80.56%	[1]:19.44%	
[0]:80.56%	
第541行数据目标为0.0, 预测概率为: [0]:84.14%	[1]:15.86%	
[0]:84.14%	
第542行数据目标为0.0, 预测概率为: [0]:52.28%	[1]:47.72%	

第543行数据目标为0.0, 预测概率为: [0]:71.74%	[1]:28.26%	
[0]:71.74%	
第544行数据目标为0.0, 预测概率为: [0]:79.91%	[1]:20.09%	
[0]:79.91%	
第545行数据目标为0.0, 预测概率为: [0]:90.83%	[1]:9.167%	
[0]:90.83%	
第546行数据目标为1.0, 预测概率为: [0]:77.59%	[1]:22.41%	
[0]:77.59%	
第547行数据目标为0.0, 预测概率为: [0]:76.36%	[1]:23.64%	
[0]:76.36%	
第548行数据目标为0.0, 预测概率为: [0]:56.13%	[1]:43.87%	

第549行数据目标为0.0, 预测概率为: [0]:94.02%	[1]:5.975%	
[0]:94.02%	
第550行数据目标为0.0, 预测概率为: [0]:93.19%	[1]:6.81%	
[0]:93.19%	
第551行数据目标为0.0, 预测概率为: [0]:21.79%	[1]:78.21%	
[1]:78.21%	
第552行数据目标为0.0, 预测概率为: [0]:27.34%	[1]:72.66%	
[1]:72.66%	
第553行数据目标为1.0, 预测概率为: [0]:10.76%	[1]:89.24%	
[1]:89.24%	
第554行数据目标为0.0, 预测概率为: [0]:45.18%	[1]:54.82%	

第555行数据目标为0.0, 预测概率为: [0]:77.43%	[1]:22.57%	
[0]:77.43%	
第556行数据目标为0.0, 预测概率为: [0]:83.98%	[1]:16.02%	
[0]:83.98%	
第557行数据目标为0.0, 预测概率为: [0]:80.38%	[1]:19.62%	
[0]:80.38%	
第558行数据目标为0.0, 预测概率为: [0]:74.8%	[1]:25.2%	
[0]:74.8%	
第559行数据目标为0.0, 预测概率为: [0]:93.02%	[1]:6.977%	
[0]:93.02%	
第560行数据目标为0.0, 预测概率为: [0]:91.34%	[1]:8.659%	
[0]:91.34%	
第561行数据目标为0.0, 预测概率为: [0]:92.86%	[1]:7.139%	
[0]:92.86%	
第562行数据目标为0.0, 预测概率为: [0]:87.98%	[1]:12.02%	
[0]:87.98%	
第563行数据目标为0.0, 预测概率为: [0]:97.67%	[1]:2.334%	
[0]:97.67%	
第564行数据目标为0.0, 预测概率为: [0]:97.16%	[1]:2.844%	
[0]:97.16%	
第565行数据目标为0.0, 预测概率为: [0]:82.86%	[1]:17.14%	
[0]:82.86%	
第566行数据目标为0.0, 预测概率为: [0]:58.88%	[1]:41.12%	

第567行数据目标为0.0, 预测概率为: [0]:49.23%	[1]:50.77%	

第568行数据目标为1.0, 预测概率为: [0]:51.65%	[1]:48.35%	

第569行数据目标为1.0, 预测概率为: [0]:34.33%	[1]:65.67%	

第570行数据目标为0.0, 预测概率为: [0]:12.78%	[1]:87.22%	
[1]:87.22%	
第571行数据目标为0.0, 预测概率为: [0]:37.74%	[1]:62.26%	

第572行数据目标为0.0, 预测概率为: [0]:55.42%	[1]:44.58%	

第573行数据目标为1.0, 预测概率为: [0]:48.44%	[1]:51.56%	

第574行数据目标为0.0, 预测概率为: [0]:40.57%	[1]:59.43%	

第575行数据目标为0.0, 预测概率为: [0]:52.38%	[1]:47.62%	

第576行数据目标为0.0, 预测概率为: [0]:13.79%	[1]:86.21%	
[1]:86.21%	
第577行数据目标为0.0, 预测概率为: [0]:37.51%	[1]:62.49%	

第578行数据目标为0.0, 预测概率为: [0]:79.13%	[1]:20.87%	
[0]:79.13%	
第579行数据目标为0.0, 预测概率为: [0]:43.46%	[1]:56.54%	

第580行数据目标为0.0, 预测概率为: [0]:50.28%	[1]:49.72%	

第581行数据目标为0.0, 预测概率为: [0]:40.34%	[1]:59.66%	

第582行数据目标为0.0, 预测概率为: [0]:65.5%	[1]:34.5%	

第583行数据目标为0.0, 预测概率为: [0]:69.66%	[1]:30.34%	

第584行数据目标为0.0, 预测概率为: [0]:58.89%	[1]:41.11%	

第585行数据目标为0.0, 预测概率为: [0]:88.45%	[1]:11.55%	
[0]:88.45%	
第586行数据目标为1.0, 预测概率为: [0]:89.51%	[1]:10.49%	
[0]:89.51%	
第587行数据目标为0.0, 预测概率为: [0]:54.53%	[1]:45.47%	

第588行数据目标为0.0, 预测概率为: [0]:22.39%	[1]:77.61%	
[1]:77.61%	
第589行数据目标为0.0, 预测概率为: [0]:74.86%	[1]:25.14%	
[0]:74.86%	
第590行数据目标为0.0, 预测概率为: [0]:65.12%	[1]:34.88%	

第591行数据目标为0.0, 预测概率为: [0]:86.54%	[1]:13.46%	
[0]:86.54%	
第592行数据目标为0.0, 预测概率为: [0]:90.86%	[1]:9.14%	
[0]:90.86%	
第593行数据目标为0.0, 预测概率为: [0]:82.64%	[1]:17.36%	
[0]:82.64%	
第594行数据目标为0.0, 预测概率为: [0]:86.68%	[1]:13.32%	
[0]:86.68%	
第595行数据目标为1.0, 预测概率为: [0]:83.15%	[1]:16.85%	
[0]:83.15%	
第596行数据目标为0.0, 预测概率为: [0]:66.21%	[1]:33.79%	

第597行数据目标为0.0, 预测概率为: [0]:53.42%	[1]:46.58%	

第598行数据目标为0.0, 预测概率为: [0]:35.3%	[1]:64.7%	

第599行数据目标为0.0, 预测概率为: [0]:62.52%	[1]:37.48%	

第600行数据目标为1.0, 预测概率为: [0]:17.38%	[1]:82.62%	
[1]:82.62%	
第601行数据目标为0.0, 预测概率为: [0]:73.67%	[1]:26.33%	
[0]:73.67%	
第602行数据目标为0.0, 预测概率为: [0]:77.37%	[1]:22.63%	
[0]:77.37%	
第603行数据目标为0.0, 预测概率为: [0]:51.19%	[1]:48.81%	

第604行数据目标为0.0, 预测概率为: [0]:57.69%	[1]:42.31%	

第605行数据目标为0.0, 预测概率为: [0]:72.8%	[1]:27.2%	
[0]:72.8%	
第606行数据目标为1.0, 预测概率为: [0]:33.91%	[1]:66.09%	

第607行数据目标为1.0, 预测概率为: [0]:41.84%	[1]:58.16%	

第608行数据目标为0.0, 预测概率为: [0]:41.04%	[1]:58.96%	

第609行数据目标为0.0, 预测概率为: [0]:40.6%	[1]:59.4%	

第610行数据目标为0.0, 预测概率为: [0]:74.48%	[1]:25.52%	
[0]:74.48%	
第611行数据目标为0.0, 预测概率为: [0]:60.27%	[1]:39.73%	

第612行数据目标为0.0, 预测概率为: [0]:76.04%	[1]:23.96%	
[0]:76.04%	
第613行数据目标为0.0, 预测概率为: [0]:57.58%	[1]:42.42%	

第614行数据目标为0.0, 预测概率为: [0]:68.07%	[1]:31.93%	

第615行数据目标为0.0, 预测概率为: [0]:86.78%	[1]:13.22%	
[0]:86.78%	
第616行数据目标为0.0, 预测概率为: [0]:82.98%	[1]:17.02%	
[0]:82.98%	
第617行数据目标为1.0, 预测概率为: [0]:21.41%	[1]:78.59%	
[1]:78.59%	
第618行数据目标为0.0, 预测概率为: [0]:58.26%	[1]:41.74%	

第619行数据目标为0.0, 预测概率为: [0]:82.97%	[1]:17.03%	
[0]:82.97%	
第620行数据目标为1.0, 预测概率为: [0]:60.9%	[1]:39.1%	

第621行数据目标为0.0, 预测概率为: [0]:33.65%	[1]:66.35%	

第622行数据目标为1.0, 预测概率为: [0]:12.89%	[1]:87.11%	
[1]:87.11%	
第623行数据目标为0.0, 预测概率为: [0]:3.137%	[1]:96.86%	
[1]:96.86%	
第624行数据目标为0.0, 预测概率为: [0]:20.24%	[1]:79.76%	
[1]:79.76%	
第625行数据目标为0.0, 预测概率为: [0]:65.3%	[1]:34.7%	

第626行数据目标为0.0, 预测概率为: [0]:52.4%	[1]:47.6%	

第627行数据目标为0.0, 预测概率为: [0]:62.72%	[1]:37.28%	

第628行数据目标为0.0, 预测概率为: [0]:34.46%	[1]:65.54%	

第629行数据目标为0.0, 预测概率为: [0]:68.83%	[1]:31.17%	

第630行数据目标为0.0, 预测概率为: [0]:72.59%	[1]:27.41%	
[0]:72.59%	
第631行数据目标为1.0, 预测概率为: [0]:81.78%	[1]:18.22%	
[0]:81.78%	
第632行数据目标为1.0, 预测概率为: [0]:62.93%	[1]:37.07%	

第633行数据目标为0.0, 预测概率为: [0]:81.78%	[1]:18.22%	
[0]:81.78%	
第634行数据目标为0.0, 预测概率为: [0]:13.03%	[1]:86.97%	
[1]:86.97%	
第635行数据目标为1.0, 预测概率为: [0]:14.3%	[1]:85.7%	
[1]:85.7%	
第636行数据目标为0.0, 预测概率为: [0]:32.91%	[1]:67.09%	

第637行数据目标为0.0, 预测概率为: [0]:13.75%	[1]:86.25%	
[1]:86.25%	
第638行数据目标为1.0, 预测概率为: [0]:18.62%	[1]:81.38%	
[1]:81.38%	
第639行数据目标为1.0, 预测概率为: [0]:8.238%	[1]:91.76%	
[1]:91.76%	
第640行数据目标为0.0, 预测概率为: [0]:18.11%	[1]:81.89%	
[1]:81.89%	
第641行数据目标为1.0, 预测概率为: [0]:13.46%	[1]:86.54%	
[1]:86.54%	
第642行数据目标为0.0, 预测概率为: [0]:12.46%	[1]:87.54%	
[1]:87.54%	
第643行数据目标为0.0, 预测概率为: [0]:20.85%	[1]:79.15%	
[1]:79.15%	
第644行数据目标为1.0, 预测概率为: [0]:31.42%	[1]:68.58%	

第645行数据目标为1.0, 预测概率为: [0]:10.98%	[1]:89.02%	
[1]:89.02%	
第646行数据目标为0.0, 预测概率为: [0]:45.2%	[1]:54.8%	

第647行数据目标为0.0, 预测概率为: [0]:57.09%	[1]:42.91%	

第648行数据目标为1.0, 预测概率为: [0]:18.92%	[1]:81.08%	
[1]:81.08%	
第649行数据目标为0.0, 预测概率为: [0]:24.97%	[1]:75.03%	
[1]:75.03%	
第650行数据目标为0.0, 预测概率为: [0]:64.49%	[1]:35.51%	

第651行数据目标为1.0, 预测概率为: [0]:61.4%	[1]:38.6%	

第652行数据目标为1.0, 预测概率为: [0]:51.48%	[1]:48.52%	

第653行数据目标为1.0, 预测概率为: [0]:45.99%	[1]:54.01%	

第654行数据目标为0.0, 预测概率为: [0]:49.11%	[1]:50.89%	

第655行数据目标为1.0, 预测概率为: [0]:78.67%	[1]:21.33%	
[0]:78.67%	
第656行数据目标为0.0, 预测概率为: [0]:54.51%	[1]:45.49%	

第657行数据目标为0.0, 预测概率为: [0]:27.06%	[1]:72.94%	
[1]:72.94%	
第658行数据目标为0.0, 预测概率为: [0]:45.91%	[1]:54.09%	

第659行数据目标为0.0, 预测概率为: [0]:71.33%	[1]:28.67%	
[0]:71.33%	
第660行数据目标为1.0, 预测概率为: [0]:65.06%	[1]:34.94%	

第661行数据目标为1.0, 预测概率为: [0]:93.04%	[1]:6.958%	
[0]:93.04%	
第662行数据目标为0.0, 预测概率为: [0]:86.78%	[1]:13.22%	
[0]:86.78%	
第663行数据目标为0.0, 预测概率为: [0]:56.47%	[1]:43.53%	

第664行数据目标为1.0, 预测概率为: [0]:76.63%	[1]:23.37%	
[0]:76.63%	
第665行数据目标为0.0, 预测概率为: [0]:84.76%	[1]:15.24%	
[0]:84.76%	
第666行数据目标为0.0, 预测概率为: [0]:72.09%	[1]:27.91%	
[0]:72.09%	
第667行数据目标为0.0, 预测概率为: [0]:64.61%	[1]:35.39%	

第668行数据目标为0.0, 预测概率为: [0]:54.55%	[1]:45.45%	

第669行数据目标为1.0, 预测概率为: [0]:23.08%	[1]:76.92%	
[1]:76.92%	
第670行数据目标为0.0, 预测概率为: [0]:77.07%	[1]:22.93%	
[0]:77.07%	
第671行数据目标为0.0, 预测概率为: [0]:91.74%	[1]:8.264%	
[0]:91.74%	
第672行数据目标为0.0, 预测概率为: [0]:79.23%	[1]:20.77%	
[0]:79.23%	
第673行数据目标为0.0, 预测概率为: [0]:66.15%	[1]:33.85%	

第674行数据目标为1.0, 预测概率为: [0]:44.77%	[1]:55.23%	

第675行数据目标为1.0, 预测概率为: [0]:37.93%	[1]:62.07%	

第676行数据目标为0.0, 预测概率为: [0]:52.96%	[1]:47.04%	

第677行数据目标为0.0, 预测概率为: [0]:91.47%	[1]:8.526%	
[0]:91.47%	
第678行数据目标为1.0, 预测概率为: [0]:68.82%	[1]:31.18%	

第679行数据目标为0.0, 预测概率为: [0]:98.89%	[1]:1.108%	
[0]:98.89%	
第680行数据目标为0.0, 预测概率为: [0]:86.68%	[1]:13.32%	
[0]:86.68%	
第681行数据目标为0.0, 预测概率为: [0]:89.18%	[1]:10.82%	
[0]:89.18%	
第682行数据目标为1.0, 预测概率为: [0]:92.52%	[1]:7.477%	
[0]:92.52%	
第683行数据目标为1.0, 预测概率为: [0]:90.38%	[1]:9.618%	
[0]:90.38%	
第684行数据目标为0.0, 预测概率为: [0]:95.26%	[1]:4.738%	
[0]:95.26%	
第685行数据目标为0.0, 预测概率为: [0]:85.89%	[1]:14.11%	
[0]:85.89%	
第686行数据目标为1.0, 预测概率为: [0]:97.67%	[1]:2.327%	
[0]:97.67%	
第687行数据目标为0.0, 预测概率为: [0]:92.56%	[1]:7.436%	
[0]:92.56%	
第688行数据目标为0.0, 预测概率为: [0]:89.42%	[1]:10.58%	
[0]:89.42%	
第689行数据目标为0.0, 预测概率为: [0]:84.93%	[1]:15.07%	
[0]:84.93%	
第690行数据目标为0.0, 预测概率为: [0]:75.54%	[1]:24.46%	
[0]:75.54%	
第691行数据目标为0.0, 预测概率为: [0]:85.89%	[1]:14.11%	
[0]:85.89%	
第692行数据目标为0.0, 预测概率为: [0]:62.24%	[1]:37.76%	

第693行数据目标为0.0, 预测概率为: [0]:47.03%	[1]:52.97%	

第694行数据目标为0.0, 预测概率为: [0]:52.39%	[1]:47.61%	

第695行数据目标为0.0, 预测概率为: [0]:79.67%	[1]:20.33%	
[0]:79.67%	
第696行数据目标为0.0, 预测概率为: [0]:78.13%	[1]:21.87%	
[0]:78.13%	
第697行数据目标为0.0, 预测概率为: [0]:73.78%	[1]:26.22%	
[0]:73.78%	
第698行数据目标为0.0, 预测概率为: [0]:72.12%	[1]:27.88%	
[0]:72.12%	
第699行数据目标为0.0, 预测概率为: [0]:74.17%	[1]:25.83%	
[0]:74.17%	
第700行数据目标为0.0, 预测概率为: [0]:55.38%	[1]:44.62%	

第701行数据目标为0.0, 预测概率为: [0]:18.25%	[1]:81.75%	
[1]:81.75%	
第702行数据目标为0.0, 预测概率为: [0]:75.4%	[1]:24.6%	
[0]:75.4%	
第703行数据目标为0.0, 预测概率为: [0]:41.62%	[1]:58.38%	

第704行数据目标为0.0, 预测概率为: [0]:57.79%	[1]:42.21%	

第705行数据目标为0.0, 预测概率为: [0]:67.52%	[1]:32.48%	

第706行数据目标为1.0, 预测概率为: [0]:76.03%	[1]:23.97%	
[0]:76.03%	
第707行数据目标为0.0, 预测概率为: [0]:64.55%	[1]:35.45%	

第708行数据目标为0.0, 预测概率为: [0]:51.33%	[1]:48.67%	

第709行数据目标为0.0, 预测概率为: [0]:48.3%	[1]:51.7%	

第710行数据目标为0.0, 预测概率为: [0]:84.61%	[1]:15.39%	
[0]:84.61%	
第711行数据目标为0.0, 预测概率为: [0]:80.9%	[1]:19.1%	
[0]:80.9%	
第712行数据目标为0.0, 预测概率为: [0]:86.86%	[1]:13.14%	
[0]:86.86%	
第713行数据目标为0.0, 预测概率为: [0]:98.35%	[1]:1.645%	
[0]:98.35%	
第714行数据目标为0.0, 预测概率为: [0]:96.22%	[1]:3.783%	
[0]:96.22%	
第715行数据目标为0.0, 预测概率为: [0]:95.6%	[1]:4.402%	
[0]:95.6%	
第716行数据目标为0.0, 预测概率为: [0]:95.37%	[1]:4.627%	
[0]:95.37%	
第717行数据目标为0.0, 预测概率为: [0]:92.35%	[1]:7.654%	
[0]:92.35%	
第718行数据目标为0.0, 预测概率为: [0]:90.27%	[1]:9.726%	
[0]:90.27%	
第719行数据目标为0.0, 预测概率为: [0]:95.41%	[1]:4.589%	
[0]:95.41%	
第720行数据目标为0.0, 预测概率为: [0]:97.57%	[1]:2.435%	
[0]:97.57%	
第721行数据目标为0.0, 预测概率为: [0]:97.25%	[1]:2.746%	
[0]:97.25%	
第722行数据目标为0.0, 预测概率为: [0]:97.06%	[1]:2.942%	
[0]:97.06%	
第723行数据目标为0.0, 预测概率为: [0]:94.37%	[1]:5.628%	
[0]:94.37%	
第724行数据目标为0.0, 预测概率为: [0]:95.72%	[1]:4.281%	
[0]:95.72%	
第725行数据目标为0.0, 预测概率为: [0]:91.89%	[1]:8.11%	
[0]:91.89%	
第726行数据目标为0.0, 预测概率为: [0]:97.71%	[1]:2.286%	
[0]:97.71%	
第727行数据目标为0.0, 预测概率为: [0]:93.44%	[1]:6.561%	
[0]:93.44%	
第728行数据目标为0.0, 预测概率为: [0]:87.2%	[1]:12.8%	
[0]:87.2%	
第729行数据目标为0.0, 预测概率为: [0]:80.09%	[1]:19.91%	
[0]:80.09%	
第730行数据目标为0.0, 预测概率为: [0]:46.43%	[1]:53.57%	

第731行数据目标为0.0, 预测概率为: [0]:90.63%	[1]:9.373%	
[0]:90.63%	
第732行数据目标为0.0, 预测概率为: [0]:85.59%	[1]:14.41%	
[0]:85.59%	
第733行数据目标为0.0, 预测概率为: [0]:86.99%	[1]:13.01%	
[0]:86.99%	
第734行数据目标为0.0, 预测概率为: [0]:86.94%	[1]:13.06%	
[0]:86.94%	
第735行数据目标为0.0, 预测概率为: [0]:89.99%	[1]:10.01%	
[0]:89.99%	
第736行数据目标为0.0, 预测概率为: [0]:96.6%	[1]:3.398%	
[0]:96.6%	
第737行数据目标为0.0, 预测概率为: [0]:96.14%	[1]:3.864%	
[0]:96.14%	
第738行数据目标为0.0, 预测概率为: [0]:88.63%	[1]:11.37%	
[0]:88.63%	
第739行数据目标为0.0, 预测概率为: [0]:87.68%	[1]:12.32%	
[0]:87.68%	
第740行数据目标为0.0, 预测概率为: [0]:57.92%	[1]:42.08%	

第741行数据目标为1.0, 预测概率为: [0]:82.67%	[1]:17.33%	
[0]:82.67%	
第742行数据目标为0.0, 预测概率为: [0]:89.0%	[1]:11.0%	
[0]:89.0%	
第743行数据目标为0.0, 预测概率为: [0]:94.93%	[1]:5.066%	
[0]:94.93%	
第744行数据目标为0.0, 预测概率为: [0]:97.78%	[1]:2.219%	
[0]:97.78%	
第745行数据目标为0.0, 预测概率为: [0]:98.77%	[1]:1.228%	
[0]:98.77%	
第746行数据目标为0.0, 预测概率为: [0]:97.48%	[1]:2.521%	
[0]:97.48%	
第747行数据目标为0.0, 预测概率为: [0]:95.2%	[1]:4.8%	
[0]:95.2%	
第748行数据目标为0.0, 预测概率为: [0]:71.37%	[1]:28.63%	
[0]:71.37%	
第749行数据目标为0.0, 预测概率为: [0]:97.08%	[1]:2.92%	
[0]:97.08%	
第750行数据目标为0.0, 预测概率为: [0]:96.09%	[1]:3.913%	
[0]:96.09%	
第751行数据目标为0.0, 预测概率为: [0]:99.13%	[1]:0.8654%	
[0]:99.13%	
第752行数据目标为0.0, 预测概率为: [0]:99.2%	[1]:0.7996%	
[0]:99.2%	
第753行数据目标为1.0, 预测概率为: [0]:99.78%	[1]:0.2205%	
[0]:99.78%	
第754行数据目标为0.0, 预测概率为: [0]:99.24%	[1]:0.7565%	
[0]:99.24%	
